66
49
38
53
100
-65
28
-5
-11
56
-65
75
-60
14
43
-34
-80
-87
-24
8
11
-24
70
-93
-92
-96
100
-75
-14
1
-15
-88
56
-6
-82
29
-64
26
-32
-78
98
100
-27
-81
17
63
-79
58
39
63
86
-70
-73
43
-43
-69
89
7
-45
4
33
97
-85
44
81
-80
-36
49
5
18
-57
44
-52
-46
81
-29
10
-62
44
-63
-98
21
-44
90
-51
-24
0
-85
18
-28
20
-48
-93
34
-51
-75
47
55
7
85
17
85
39
50
93
-22
82
-24
1
-26
100
-66
-50
75
-25
63
24
-64
5
92
-44
-1
-31
57
1
-65
100
-29
-83
-27
8
57
89
14
10
10
80
-86
30
-17
41
-87
-73
12
-86
-41
-69
26
-39
19
16
-72
-96
-73
-83
37
-96
93
55
-65
-96
-81
62
93
-82
29
26
89
-2
-62
-15
-8
-4
80
70
17
-39
-52
-99
88
-65
-95
87
-38
-98
-28
11
22
-60
96
-85
-51
-12
-24
-76
23
33
64
66
-17
45
-29
-16
-48
-75
-80
-61
76
0
67
54
-22
20
-40
69
-53
15
-41
71
72
-45
-73
66
-81
30
-77
-87
7
27
-49
-10
8
19
78
-61
1
-18
13
79
-21
80
-9
41
-46
99
-69
-20
30
90
17
79
18
33
-17
-38
74
-33
-92
-27
84
-29
55
33
78
64
6
18
-52
58
27
20
-90
11
54
-5
-38
-98
-29
-3
30
96
19
2
-32
91
-66
68
46
54
79
39
-53
60
39
77
60
98
81
61
-51
25
-17
-2
-17
-66
90
17
12
98
16
25
-80
86
87
-67
52
89
-5
-51
75
-36
71
27
44
23
19
12
-39
-48
-81
-57
70
-34
-60
80
11
81
95
-90
-18
-42
-91
88
-85
-21
8
-8
-86
-75
-10
0
-74
18
44
57
2
30
-84
-14
47
14
34
100
17
-53
-26
70
-99
24
-98
57
-52
-90
-5
52
29
-52
40
43
-88
-60
-73
46
17
36
95
-38
-64
20
8
-15
-20
-18
41
-2
71
-91
-40
71
18
98
30
80
-100
-75
-48
98
-72
81
-33
87
23
39
29
34
99
-34
45
-46
-9
-42
11
-45
-70
-97
13
-86
48
65
12
55
41
98
-46
54
-27
-83
1
90
75
-22
72
-2
-84
7
55
-56
29
14
25
-18
-44
97
-90
-80
-45
-37
-61
-42
-12
-8
96
-91
-32
-30
41
-22
-6
37
68
87
-2
94
12
4
-23
62
-57
-27
-14
-9
51
-24
11
52
-57
-9
-13
-73
99
-57
-1
90
64
-91
24
82
89
-72
99
59
63
-58
-25
-14
-22
-38
32
49
91
-33
-33
65
-53
72
-72
-4
-17
-54
21
-38
-13
-13
35
-22
9
19
78
-71
63
33
8
100
-71
-100
-9
-67
-46
-3
-43
94
94
-90
-88
4
-7
-55
-88
21
71
38
23
-84
-90
-33
-66
-100
-76
-17
-95
58
79
-24
-69
41
-7
94
-51
93
-85
85
-40
-68
-49
-33
51
95
1
-23
-20
-30
-84
55
9
16
95
48
-84
89
-36
96
96
58
40
6
65
-90
75
-14
13
-9
-29
87
-53
-35
-94
-37
72
33
-57
-56
-24
33
-18
40
-34
-41
-15
-64
81
-82
33
34
-25
50
68
-54
-39
12
4
-80
17
24
-93
62
-11
-49
-25
-33
-41
97
-56
55
13
31
-42
-18
36
-16
-34
-19
-83
6
-75
64
-38
0
79
38
-54
90
28
-72
14
55
62
-86
-63
19
20
-23
-79
80
-93
62
-58
-42
81
-37
-67
79
54
74
56
70
10
-36
82
80
9
-65
-72
64
-87
-59
-67
-45
67
-25
-90
73
-10
22
-91
67
-85
-80
100
-9
-92
20
-79
-76
15
96
-11
20
14
-55
100
94
-28
-53
-77
93
22
-78
87
18
73
45
-48
15
-84
-23
-4
59
-17
-41
43
-89
-13
28
-10
-63
29
-92
-30
-44
98
-77
5
66
-81
-86
-36
1
-55
-15
98
30
-86
7
4
36
39
-94
-38
12
5
-100
-74
-15
21
-63
-8
5
-85
-68
-53
54
9
-16
-54
13
-89
-52
6
-90
2
61
-26
99
-77
76
37
92
79
-54
86
-64
-41
-1
-62
-11
70
-29
23
23
22
63
-23
38
14
-55
-77
78
30
98
32
-30
10
2
53
-38
-54
-72
44
42
73
71
-17
-51
-4
-68
-1
35
-7
-86
98
46
8
-80
-23
80
-82
3
76
5
13
26
22
-2
41
-34
90
-44
-29
94
-24
-4
-62
-28
68
-62
-98
52
-96
-28
99
-2
-31
-73
-3
22
92
-1
96
50
11
73
15
-51
94
57
61
47
-82
97
77
91
-42
-88
80
87
-49
41
-20
7
99
-40
45
-37
33
90
19
4
-8
98
22
63
-38
-29
-10
11
38
1
-28
-49
-61
90
-28
-28
18
18
-23
60
2
-29
82
93
-18
2
59
43
-97
89
-10
-79
18
-67
-41
-73
-10
20
25
78
-10
84
48
84
-59
-9
25
-14
-7
96
-2
79
91
-48
-81
-50
-19
76
-88
-43
17
51
-68
72
-99
-12
-94
-58
36
-56
-49
-63
-46
37
-11
-10
-57
-20
64
36
11
89
38
-36
0
-26
35
21
-60
-74
83
-26
19
