66
49
38
53
100
-65
28
-5
-11
56
-65
75
-60
14
43
-34
-80
-87
-24
8
11
-24
70
-93
-92
-96
100
-75
-14
1
-15
-88
56
-6
-82
29
-64
26
-32
-78
98
100
-27
-81
17
63
-79
58
39
63
86
-70
-73
43
-43
-69
89
7
-45
4
33
97
-85
44
81
-80
-36
49
5
18
-57
44
-52
-46
81
-29
10
-62
44
-63
-98
21
-44
90
-51
-24
0
-85
18
-28
20
-48
-93
34
-51
-75
47
55
7
85
17
85
39
50
93
-22
82
-24
1
-26
100
-66
-50
75
-25
63
24
-64
5
92
-44
-1
-31
57
1
-65
100
-29
-83
-27
8
57
89
14
10
10
80
-86
30
-17
41
-87
-73
12
-86
-41
-69
26
-39
19
16
-72
-96
-73
-83
37
-96
93
55
-65
-96
-81
62
93
-82
29
26
89
-2
-62
-15
-8
-4
80
70
17
-39
-52
-99
88
-65
-95
87
-38
-98
-28
11
22
-60
96
-85
-51
-12
-24
-76
23
33
64
66
-17
45
-29
-16
-48
-75
-80
-61
76
0
67
54
-22
20
-40
69
-53
15
-41
71
72
-45
-73
66
-81
30
-77
-87
7
27
-49
-10
8
19
78
-61
1
-18
13
79
-21
80
-9
41
-46
99
-69
-20
30
90
17
79
18
33
-17
-38
74
-33
-92
-27
84
-29
55
33
78
64
6
18
-52
58
27
20
-90
11
54
-5
-38
-98
-29
-3
30
96
19
2
-32
91
-66
68
46
54
79
39
-53
60
39
77
60
98
81
61
-51
25
-17
-2
-17
-66
90
17
12
98
16
25
-80
86
87
-67
52
89
-5
-51
75
-36
71
27
44
23
19
12
-39
-48
-81
-57
70
-34
-60
80
11
81
95
-90
-18
-42
-91
88
-85
-21
8
-8
-86
-75
-10
0
-74
18
44
57
2
30
-84
-14
47
14
34
100
17
-53
-26
70
-99
24
-98
57
-52
-90
-5
52
29
-52
40
43
-88
-60
-73
46
17
36
95
-38
-64
20
8
-15
-20
-18
41
-2
71
-91
-40
71
18
98
30
80
-100
-75
-48
98
-72
81
-33
87
23
39
29
34
99
-34
45
-46
-9
-42
11
-45
-70
-97
13
-86
48
65
12
55
41
98
-46
54
-27
-83
1
90
75
-22
72
-2
-84
7
55
-56
29
14
25
-18
-44
97
-90
-80
-45
-37
-61
-42
-12
-8
96
-91
-32
-30
41
-22
-6
37
68
87
-2
94
12
4
-23
62
-57
-27
-14
-9
51
-24
11
52
-57
-9
-13
-73
99
-57
-1
90
64
-91
24
82
89
-72
99
59
63
-58
-25
-14
-22
-38
32
49
91
-33
-33
65
-53
72
-72
-4
-17
-54
21
-38
-13
-13
35
-22
9
19
78
-71
63
33
8
100
-71
-100
-9
-67
-46
-3
-43
94
94
-90
-88
4
-7
-55
-88
21
71
38
23
-84
-90
-33
-66
-100
-76
-17
-95
58
79
-24
-69
41
-7
94
-51
93
-85
85
-40
-68
-49
-33
51
95
1
-23
-20
-30
-84
55
9
16
95
48
-84
89
-36
96
96
58
40
6
65
-90
75
-14
13
-9
-29
87
-53
-35
-94
-37
72
33
-57
-56
-24
33
-18
40
-34
-41
-15
-64
81
-82
33
34
-25
50
68
-54
-39
12
4
-80
17
24
-93
62
-11
-49
-25
-33
-41
97
-56
55
13
31
-42
-18
36
-16
-34
-19
-83
6
-75
64
-38
0
79
38
-54
90
28
-72
14
55
62
-86
-63
19
20
-23
-79
80
-93
62
-58
-42
81
-37
-67
79
54
74
56
70
10
-36
82
80
9
-65
-72
64
-87
-59
-67
-45
67
-25
-90
73
-10
22
-91
67
-85
-80
100
-9
-92
20
-79
-76
15
96
-11
20
14
-55
100
94
-28
-53
-77
93
22
-78
87
18
73
45
-48
15
-84
-23
-4
59
-17
-41
43
-89
-13
28
-10
-63
29
-92
-30
-44
98
-77
5
66
-81
-86
-36
1
-55
-15
98
30
-86
7
4
36
39
-94
-38
12
5
-100
-74
-15
21
-63
-8
5
-85
-68
-53
54
9
-16
-54
13
-89
-52
6
-90
2
61
-26
99
-77
76
37
92
79
-54
86
-64
-41
-1
-62
-11
70
-29
23
23
22
63
-23
38
14
-55
-77
78
30
98
32
-30
10
2
53
-38
-54
-72
44
42
73
71
-17
-51
-4
-68
-1
35
-7
-86
98
46
8
-80
-23
80
-82
3
76
5
13
26
22
-2
41
-34
90
-44
-29
94
-24
-4
-62
-28
68
-62
-98
52
-96
-28
99
-2
-31
-73
-3
22
92
-1
96
50
11
73
15
-51
94
57
61
47
-82
97
77
91
-42
-88
80
87
-49
41
-20
7
99
-40
45
-37
33
90
19
4
-8
98
22
63
-38
-29
-10
11
38
1
-28
-49
-61
90
-28
-28
18
18
-23
60
2
-29
82
93
-18
2
59
43
-97
89
-10
-79
18
-67
-41
-73
-10
20
25
78
-10
84
48
84
-59
-9
25
-14
-7
96
-2
79
91
-48
-81
-50
-19
76
-88
-43
17
51
-68
72
-99
-12
-94
-58
36
-56
-49
-63
-46
37
-11
-10
-57
-20
64
36
11
89
38
-36
0
-26
35
21
-60
-74
83
-26
19
66
-85
-41
-50
-14
99
-25
-20
100
45
18
80
-73
87
64
77
59
-14
22
87
33
83
-18
77
94
-82
46
49
-37
-12
-76
75
40
61
24
51
92
-71
-66
29
-29
77
51
20
20
-54
0
65
13
93
80
1
-51
-8
-4
-29
9
38
83
54
-79
99
-13
-64
-38
-89
-70
95
28
77
34
5
-91
36
97
-19
77
86
-12
91
79
-49
26
78
-47
-63
-97
-35
-99
-10
-62
-96
-29
-94
69
-67
-24
-46
-63
65
40
-75
33
11
10
-49
22
7
-20
24
85
-4
-81
93
-16
83
75
-79
-63
-5
39
8
-13
-60
-94
-71
-12
97
95
99
-89
-11
-33
-30
-55
-78
-29
-94
-43
-33
-70
96
26
23
-54
74
36
57
-55
98
15
6
83
34
100
89
-26
80
-59
-52
-35
73
-87
16
1
39
-9
-26
6
72
-54
80
-72
64
-64
-38
67
81
-65
94
-81
-10
-82
56
38
-68
45
-66
-99
-93
-74
47
-71
-70
60
-97
-50
-3
-27
-10
-2
5
93
58
-49
1
-33
30
63
-67
45
0
76
-9
-66
-4
7
78
25
-17
36
-59
-72
43
67
-57
-43
-2
80
-51
35
20
57
73
-69
-2
6
50
-60
-7
-96
-87
54
-96
8
-37
-4
-38
31
90
-79
35
-67
-61
-55
-84
11
-91
-71
91
-33
-14
18
-24
77
33
-57
76
20
8
-32
-14
8
-97
-87
-71
-12
7
8
4
63
51
76
19
27
-10
-39
98
-53
10
-26
12
56
23
-52
77
85
33
70
-55
9
4
3
-56
20
-28
35
-71
7
-19
-10
7
24
1
-15
48
10
-76
-90
-27
-88
1
-18
62
3
-95
-76
59
-69
-82
-89
83
-30
10
-16
73
27
93
88
61
-11
-62
8
31
-43
72
-30
-46
55
-71
-7
85
-6
-25
-30
13
22
99
83
50
-4
-48
72
-26
-94
9
-88
-77
2
34
-56
-92
58
-4
-43
-77
-89
-21
4
-30
-59
-46
92
-13
92
43
-22
48
31
-82
-39
24
10
26
33
92
0
-52
-92
89
86
83
-53
68
96
-65
24
93
54
-43
79
-16
-64
95
65
73
-45
24
-39
-43
85
-53
32
-68
-77
-20
86
46
57
39
-97
59
-85
33
-4
71
-34
97
70
26
30
-25
-33
-8
-39
48
-42
39
35
-67
99
-77
93
-53
-78
74
-76
-89
92
-58
56
-75
5
-46
-47
-35
-26
-71
-99
-45
-88
4
-16
-30
-65
76
84
83
-72
-26
-59
19
52
-6
54
-21
-93
92
46
87
-34
16
69
-37
-23
-19
77
15
-47
48
52
-72
82
19
-11
-36
-9
17
-74
41
-73
3
22
37
-78
-51
-83
27
-35
98
-46
-86
-22
-16
-31
47
98
10
-62
-98
-65
1
6
57
-59
30
-34
83
-55
-18
7
58
19
7
27
3
86
84
-2
-29
-98
-10
34
94
9
9
-55
13
41
31
-74
-78
15
-22
18
-12
-73
29
-82
-4
43
22
-89
100
-16
27
-77
21
18
-80
17
-21
-79
-79
-19
51
42
35
46
31
71
61
-23
-29
-51
68
96
6
82
-43
-30
100
36
40
-12
80
45
-38
85
81
-100
36
26
82
55
43
23
19
-42
90
-11
-76
-18
31
-45
91
-41
0
81
14
100
-5
-77
31
87
-60
-51
79
-89
-59
-49
38
72
-26
-99
-29
-56
18
-78
34
34
49
86
8
-3
-53
58
-42
-9
-20
8
75
26
56
-29
65
38
79
19
-43
59
84
-11
93
10
-13
-2
15
-36
-98
-79
7
58
-7
-9
68
68
3
4
73
-62
42
70
9
-63
-83
94
95
-37
-20
-73
-92
52
-68
87
26
56
-77
-70
-53
-28
-34
-67
6
-91
92
-11
-38
62
-65
94
97
-34
15
74
-26
100
86
-17
18
-44
54
-45
-63
-26
90
-23
-23
-97
6
39
23
10
-47
-76
67
0
-5
-72
14
-11
97
-47
95
34
-47
-2
-88
-9
68
19
-30
-29
28
-36
15
-21
-95
-77
-98
-38
-37
51
35
56
-20
99
-35
29
-79
11
37
-27
89
-33
62
-56
-72
-45
-73
-38
5
16
-35
-99
-21
54
29
-7
-97
-89
-79
-39
-16
68
50
100
-45
7
24
-8
-93
21
65
2
50
-15
-42
35
-65
99
20
-48
-25
-3
56
-71
13
8
-79
-63
-18
-81
24
10
57
-29
-7
-96
0
22
66
24
-94
29
-18
78
-62
27
75
-46
24
-69
-66
-58
56
83
56
-90
84
-88
-70
28
63
-59
6
0
-3
96
-33
39
92
62
97
88
64
-40
10
-98
37
-19
18
19
-35
-16
-39
46
30
-57
40
80
-93
-45
62
84
58
-49
-48
-35
1
11
-66
87
4
-16
50
25
71
-92
91
-11
25
-32
-96
59
-18
61
-42
11
32
-56
-82
87
-37
5
58
95
-76
-62
-48
16
100
-37
7
13
88
-69
87
-31
-33
-43
-5
-84
-37
12
-54
94
48
51
54
-17
-48
49
53
-75
22
-48
-9
89
-20
-56
19
-13
-33
47
-56
12
5
97
55
69
17
46
-15
-50
72
68
73
-73
-77
-29
3
80
88
7
15
-7
84
82
38
95
-16
-22
70
-77
44
-67
-29
88
-43
44
74
-74
-20
81
80
75
-64
-6
-81
43
67
-81
-13
16
74
-4
10
97
99
-20
-39
32
17
80
86
-43
53
13
53
-94
10
96
16
-77
72
-40
22
-18
17
58
-2
-55
-27
-27
-68
-16
-74
100
64
-100
78
-64
-42
33
72
19
-49
-50
-33
-22
-69
43
52
91
-19
23
-85
-1
-10
-52
-43
49
62
-48
-17
-34
-76
-28
-53
-29
-2
64
-58
79
73
-13
98
-48
-4
-73
-57
41
-99
35
56
80
-22
-58
8
-25
10
-14
86
-48
58
-55
-43
-94
49
22
87
-32
64
-97
66
-78
96
15
1
-22
45
-56
-21
44
-52
-87
87
-87
45
-1
-11
32
-84
-9
-72
0
-55
-38
11
-10
70
-61
14
38
-44
10
88
-39
-60
70
17
67
16
-63
80
-66
-68
0
93
-81
-84
48
-51
5
71
-60
-37
-87
-49
10
-93
15
22
24
26
65
-37
3
48
-65
71
37
46
85
28
69
-34
37
-67
0
10
-68
-24
94
-12
68
-15
-17
89
41
-98
38
41
46
-80
42
-35
-42
6
24
97
-41
33
56
-13
71
13
89
-37
-71
94
99
-3
-66
-25
-45
-43
17
-52
3
-94
-55
-51
-42
27
-28
40
-10
-3
35
48
-93
68
64
-85
-56
-62
-45
31
-24
2
64
-28
19
83
-65
11
-79
-13
-23
-46
74
-67
41
66
92
-36
-48
89
-90
-60
-11
-68
47
-94
-76
-17
-58
35
29
23
-70
-43
-46
95
-3
71
-21
-99
7
48
-2
42
24
-3
91
-67
10
95
10
-98
83
70
16
-52
-74
-8
1
32
-70
76
-3
94
64
-41
41
-47
-9
-59
75
-44
-68
47
-11
86
-86
-59
100
32
-31
69
2
39
95
19
84
-100
81
-25
-99
17
7
81
63
75
37
-58
-23
86
63
-28
-64
-61
49
25
-68
-19
21
-16
100
-62
33
-58
-67
28
-83
-34
-48
80
7
51
-91
-61
-82
-33
64
-53
74
-71
-14
77
-84
-81
-61
14
-81
6
-54
34
-40
-19
42
67
70
-87
-26
20
-17
-21
-16
-93
52
-22
-3
-16
-97
98
96
-15
46
3
-61
-72
-34
97
-90
100
31
46
-22
-20
-11
73
-2
-21
60
22
27
-30
1
-13
-75
-61
67
-61
-19
16
-39
-47
-7
-34
-58
-88
14
-55
-75
-37
25
28
-45
-41
8
-78
-93
-100
-33
-51
16
90
-24
-10
44
-57
-51
-16
20
-19
-29
94
61
61
93
7
56
36
74
-69
-87
-28
-65
49
-78
-31
-25
43
-49
-12
-13
36
15
-86
-81
-71
50
-44
20
-61
-94
-40
71
54
43
-54
91
47
52
44
-79
50
14
-2
-36
85
-80
97
96
44
74
-96
66
95
99
29
-44
62
-84
60
42
36
-73
1
-44
63
-80
8
-59
17
75
39
33
-29
79
-57
-73
15
-32
-91
29
88
-74
19
88
100
4
-49
78
62
-49
-47
-31
84
-98
85
60
53
57
59
26
-59
5
82
-12
-88
16
-57
-82
-94
97
23
-56
66
-72
-90
46
72
19
-53
-87
-60
17
-33
70
-26
86
22
76
-92
2
36
81
-23
-72
70
43
9
-52
59
32
10
-95
-52
43
-91
39
-31
-95
-16
46
86
83
-51
-77
-96
-18
-88
-41
-57
-81
-84
21
-81
8
54
26
7
-59
-21
-5
-54
-36
63
25
-49
47
-6
-34
41
97
-80
-65
-67
70
79
71
-60
60
-58
36
-2
64
-95
24
59
-1
54
13
-40
-6
-81
29
48
-75
-87
55
69
-5
2
-94
0
-32
88
-69
-50
-60
57
-79
-20
84
-91
-43
49
42
-9
-80
76
-59
-6
-61
-70
81
-44
6
18
6
70
98
94
48
-20
-23
41
69
64
-18
-76
-84
-91
43
71
7
-10
8
91
-57
78
-11
-54
31
-16
97
-39
59
-15
16
-68
-73
61
86
80
-27
20
0
30
-96
47
50
-70
78
-44
-5
26
-11
-15
41
50
-23
-9
-4
83
-12
82
60
-3
1
-21
-63
7
87
-78
-92
4
-84
-35
31
21
16
27
55
83
-63
85
100
93
-99
45
63
58
-59
-61
-24
-18
-6
12
64
-41
92
43
-29
58
4
87
-80
87
14
69
-99
70
99
-5
-82
18
-88
89
-17
-2
98
60
-20
-97
34
-53
98
-65
81
-99
-15
55
21
-72
-92
12
-89
-76
0
71
-49
30
-42
-79
-34
15
22
-97
66
-68
45
-65
61
-71
-59
80
93
-62
-17
0
59
66
3
37
7
-1
88
-76
35
-92
7
61
82
-48
2
60
-2
-83
-26
-52
-19
22
-83
-28
-26
83
31
34
53
-5
-86
-15
45
-43
34
-98
11
35
8
13
-81
-37
10
17
100
44
64
-66
20
-94
93
-2
10
-30
87
9
-59
-42
-61
-59
-47
-4
51
73
-52
50
42
25
-39
67
91
44
77
79
46
-28
-82
97
78
23
-93
-67
24
-13
-16
-69
75
25
-65
-99
48
88
-54
-19
59
32
-50
12
91
66
52
16
-47
-64
-100
-36
33
-4
-19
85
-43
-12
-80
99
-66
-80
-52
5
58
81
-64
-93
8
-2
68
-82
28
80
-51
21
49
-18
-49
-4
58
75
-21
-85
-11
98
-20
-18
24
36
82
-47
-72
87
7
-100
-55
-44
5
46
-97
-4
97
-26
-4
-60
-40
58
29
1
60
-35
-26
95
69
74
-13
66
60
94
-72
64
-5
8
44
85
41
44
27
6
56
-14
94
-80
-56
-66
8
62
-86
-17
-68
-66
15
13
16
80
53
16
46
-74
-95
45
39
-23
36
3
81
-91
8
-82
16
-60
-16
-3
100
78
-92
-50
60
-39
55
27
95
-22
59
74
85
-36
6
-98
-37
83
-20
-5
59
-53
51
-53
23
-10
-22
-68
-20
43
46
78
24
21
73
-98
-51
-4
50
-94
-40
50
-58
92
-58
81
-78
89
34
21
-3
-2
-98
98
20
38
-30
-20
-79
67
37
-4
21
79
-41
98
-61
10
88
52
51
85
-27
-29
-70
95
90
-21
46
-57
-37
92
70
-31
64
54
72
-50
60
3
4
-82
-92
-39
65
2
58
80
70
-3
-3
-13
21
85
85
18
-68
56
5
45
83
97
-21
92
92
-35
78
66
-27
-23
-86
-66
49
96
100
-85
12
-59
83
64
60
48
77
-31
5
50
-96
39
3
48
12
-22
4
23
-96
33
23
-57
-35
-13
53
89
-77
58
-10
8
93
-88
41
96
-65
58
-5
-28
-91
50
-60
91
-21
7
-62
3
-35
88
95
-17
-53
-65
-61
-84
52
34
8
-6
-41
-27
46
-72
-75
-81
19
78
52
-94
-9
-86
45
66
4
-10
-58
10
-32
15
47
-30
-84
50
48
-12
54
-8
-28
0
-6
-21
-30
86
95
-10
62
-67
-63
-54
97
-34
63
-87
-26
-74
-51
-29
-50
-90
71
-78
66
48
12
45
12
-72
-5
-95
-12
-64
-5
17
33
72
82
-6
-69
-17
75
93
43
47
-98
-29
-25
41
88
-42
-48
57
-25
94
-71
62
70
74
-11
52
-40
-99
-10
23
-76
-72
-6
-11
-35
8
-78
83
86
-53
42
-86
67
-2
96
100
-94
71
34
-1
42
-84
-84
9
-59
-75
-47
-15
-84
-33
-76
98
44
68
-100
-74
65
58
40
-63
62
15
21
-59
-69
-16
2
72
-5
-32
28
88
-70
-43
-13
-8
39
-18
73
18
56
26
36
-68
88
95
37
16
88
14
51
32
-44
90
-8
-44
-27
-97
11
-89
51
70
-48
0
-36
63
7
-70
-47
23
75
-44
93
-23
64
93
81
65
-24
-70
-21
71
-90
-73
69
-37
48
-5
-35
-78
49
54
52
42
51
52
64
-72
-50
-22
-91
3
30
79
64
3
-52
-22
-57
-71
66
51
-100
61
89
-88
90
16
8
-8
-4
-95
-16
-78
-61
77
52
76
31
-20
-56
98
53
-6
-13
-62
5
37
-48
-34
68
11
65
-6
60
57
-47
-1
79
-63
-11
-29
42
93
-17
-88
13
-68
90
-39
40
87
-68
-29
-45
-31
66
-73
-1
89
-95
27
57
97
-27
-27
-20
-5
-15
-53
-95
7
-62
67
70
2
-88
44
61
88
67
4
52
82
98
-91
87
-58
-17
6
12
65
13
14
-41
25
-98
-11
26
-69
64
23
-19
98
-62
94
-90
-38
1
-1
13
-75
-32
47
-67
-73
16
-40
-16
38
42
77
-4
-76
25
-63
-38
-18
-81
-96
28
66
-39
-17
8
-20
6
-71
-98
37
-44
70
-10
-64
31
63
-47
49
-58
-27
86
73
-49
-81
10
60
-57
-6
40
-94
-37
-98
-32
89
-70
-85
-82
-47
-47
63
74
31
27
50
-71
-31
-82
20
-42
71
34
-6
31
92
-80
-23
23
20
-95
-38
36
65
92
-32
19
14
-3
-95
-9
-13
-87
51
71
-67
38
15
79
1
14
-4
56
-41
-75
16
93
-59
-34
98
23
8
14
96
49
-24
-26
6
-45
65
-93
39
77
-74
52
-69
27
-86
17
-45
-92
71
-23
97
-80
58
20
-20
79
72
43
62
-63
96
4
41
-78
50
-75
1
55
66
-69
38
-67
19
-33
77
-91
-11
-10
97
71
97
-56
-30
-36
22
4
-31
18
68
60
-5
-5
-36
-43
84
84
61
-96
-89
28
44
-26
-16
-7
-35
-99
95
-40
18
-16
-65
-60
-50
46
94
42
-71
38
-53
-6
-35
-51
-51
23
58
15
32
-71
-33
-38
-22
14
19
100
44
-60
-71
-31
35
96
7
14
92
-19
-69
88
84
39
-16
62
-29
-34
85
-30
3
-6
-44
51
-26
-14
-30
59
-43
9
-16
-28
-92
-7
31
60
-3
-62
60
84
-15
88
-22
75
5
-53
-1
-70
66
40
-96
-12
-6
63
39
4
-21
44
81
-100
80
-97
-61
-62
29
-42
50
3
82
70
-27
90
14
-68
-15
-46
-72
-58
-22
-100
-2
-58
-4
-90
65
76
76
-89
78
86
32
-10
66
29
14
69
23
7
100
-22
83
79
-70
-82
65
-28
-83
5
-100
78
-80
44
73
-3
-84
53
-42
-78
94
92
-50
42
-54
-43
-18
-93
68
87
93
75
81
28
92
-16
56
-61
64
55
-80
-70
-62
-34
-51
28
-4
61
-31
-32
-29
63
33
83
30
36
-25
-90
64
23
11
-100
-12
-70
25
-3
33
-70
-44
-30
86
41
-90
72
58
-25
79
-8
57
-99
-49
42
-92
-41
-29
15
-77
74
47
-83
47
75
-92
16
-55
20
-1
58
79
-15
-69
-39
-28
-40
-12
65
-61
15
59
-19
0
-73
-81
99
35
62
80
65
-18
-60
-53
37
-66
40
43
55
-57
14
77
53
4
27
-48
83
58
88
29
-65
73
69
-37
-82
-22
54
-4
45
-6
-10
-54
-56
8
-50
88
95
72
2
-67
-39
-36
44
89
-10
66
-68
87
-49
75
82
76
-64
31
24
68
-66
80
52
-48
67
98
47
13
16
100
-68
-75
74
-40
15
92
7
-37
99
55
-100
-92
82
-20
53
65
61
-7
99
46
51
-56
13
-82
-61
69
-50
-45
55
-66
69
-90
-91
52
-37
25
-71
100
-86
11
-62
17
-4
-11
85
64
45
65
73
-64
-100
-37
-93
20
70
19
-95
15
-48
47
-43
99
-53
-56
-8
97
-22
-57
6
47
-78
42
-82
-37
-47
52
39
85
20
-77
-47
88
76
41
44
-50
91
-64
60
-55
-66
-16
-74
48
91
70
-68
-62
-76
28
-62
54
73
6
-82
-86
2
6
31
-5
45
95
4
90
78
-93
-43
-6
77
81
22
60
38
64
68
-22
37
-84
100
-45
-70
52
5
90
44
75
44
-2
-77
-19
-60
84
-95
3
58
69
2
-50
97
68
93
-19
15
-42
91
-66
45
21
-78
8
77
-18
-95
-21
4
32
-1
-92
-41
21
45
-65
12
85
-15
17
-3
39
38
0
-46
81
-13
41
-49
17
58
-15
63
-21
74
85
-71
88
-73
61
-6
-7
-62
-52
47
-51
-7
-34
85
19
34
53
49
-60
-24
12
77
78
12
-5
-52
-8
76
-36
-97
32
75
9
98
3
14
70
-72
-7
99
-99
38
40
9
6
-24
-95
68
-2
-65
83
41
-81
81
55
85
-57
69
13
36
-2
0
-21
-22
-22
-98
0
3
-89
14
-68
93
19
-8
-20
41
-97
-1
-88
29
-87
-33
95
-12
-76
-46
95
1
54
-86
34
5
4
-100
-53
-81
91
-14
58
21
78
18
57
20
33
83
-43
92
20
64
-9
88
42
-97
35
44
-83
5
4
-53
-57
78
72
-37
-63
-16
-19
95
12
35
53
27
-96
-25
74
-76
68
-96
40
-4
-83
-55
-60
44
-63
-63
57
74
67
25
-65
-37
-22
40
-51
59
-30
27
28
-97
-79
-63
94
35
-80
-50
43
13
20
47
90
-12
-100
21
74
-56
55
4
-33
-39
-56
-87
-36
-72
-45
-88
-51
21
-49
-95
-56
6
16
0
36
89
3
51
54
28
46
-78
-26
-3
44
-4
-73
72
0
44
-58
-63
-93
6
98
-92
-44
-44
84
-39
22
-91
-86
-66
38
-24
54
49
13
-6
55
79
55
10
-93
82
-23
-18
84
23
34
-98
-99
11
-28
70
-9
81
-87
-26
17
-2
-10
8
-32
-17
-89
-24
-93
-93
96
-35
-42
30
33
-99
50
39
2
-46
36
31
-30
-64
-48
-12
-33
54
-73
74
1
-13
10
-92
91
-41
-11
-11
74
36
-98
70
67
49
19
76
-76
-11
-20
-51
78
-98
-17
91
-38
76
33
-38
56
-57
-64
-40
53
15
16
9
-23
-12
-15
-34
10
-92
6
-92
-29
-55
-67
50
42
-20
10
-94
3
53
89
5
10
30
79
-99
78
34
65
81
-59
8
-33
49
-36
-16
83
38
-38
15
-48
-67
-21
-79
10
-36
87
-47
57
19
-9
-17
51
5
-16
-68
-93
26
100
-70
-59
-13
72
-29
-32
4
-1
24
52
1
67
-95
6
-67
11
-31
-95
69
-10
-29
-24
-84
-2
-97
-71
53
-12
2
73
37
-14
-7
-91
-91
-73
-94
50
80
-6
-5
-33
-68
48
21
-87
-67
-24
-45
-69
14
-33
-8
90
45
-46
-26
-65
-95
18
80
18
78
-8
62
28
-53
-18
-58
43
-29
-94
-93
20
25
34
1
-17
-82
-50
33
-41
6
51
-81
-56
65
-1
-83
59
-14
2
-88
25
-15
-9
27
16
16
-5
-5
-55
-87
100
6
81
82
2
-84
-59
-76
9
93
2
28
-52
17
-97
-61
5
-17
-32
-48
-64
-22
-48
-51
59
-89
35
92
37
-8
-78
14
81
-54
-96
-64
97
31
-85
-80
17
-95
7
-63
77
-33
20
91
-15
-28
-66
-61
-13
-77
-50
-35
42
-66
50
-18
83
-63
-25
-82
74
33
-4
17
0
-59
-13
-49
-48
-38
-57
-6
34
-41
47
-23
-48
-6
-72
-92
95
-34
8
-98
58
51
-63
-58
74
7
13
61
-90
-73
-82
-28
16
-99
44
-93
22
-9
-38
-64
79
-22
-8
-51
59
-12
57
20
88
-24
47
71
98
-19
-57
41
86
-51
94
0
98
-69
7
-89
74
-52
-30
-51
99
87
-54
58
-75
64
-82
-74
-66
95
12
-7
-81
38
-58
1
-70
27
17
100
0
-64
-58
-81
-22
-28
-57
-55
51
55
8
-71
-61
91
44
-14
-78
-46
-77
-44
-65
96
51
-39
34
-12
-1
52
75
-6
91
-98
-44
-20
100
-5
27
-51
57
-34
73
42
-3
-82
-23
-68
21
-62
-58
-37
80
56
69
-8
1
49
-43
28
-72
38
-53
40
-46
35
-27
-73
54
-22
53
-41
68
71
-68
-93
22
-71
-71
-80
-63
-15
-14
68
-40
-80
26
-62
35
46
-16
71
52
43
-24
20
-74
47
-61
-97
3
-33
-30
-19
4
-26
-95
-60
-29
51
-63
-49
82
-14
70
-52
-17
32
-67
73
58
-83
40
95
70
-24
-99
42
-10
65
18
-13
18
40
-30
12
-95
-94
-69
45
88
-82
97
21
63
-43
7
-86
0
-53
69
-75
-85
-78
-74
-35
-83
-48
-60
42
-86
71
85
85
-46
-22
-96
-30
42
-65
-80
32
28
-11
14
-68
-86
-26
5
54
9
25
-35
-37
68
26
63
-54
32
-98
-17
-57
-83
-54
75
37
-89
-31
-74
-61
-73
0
21
-84
-47
22
13
48
-1
38
29
-18
53
79
-90
80
-5
54
67
91
-64
-81
-88
68
88
94
33
45
84
30
-19
55
56
95
-4
53
4
17
-18
-31
9
-33
-20
-50
12
-97
-79
16
-99
30
-55
-12
3
-54
17
-55
67
18
72
86
-62
-4
-26
-97
33
26
69
-7
16
22
2
17
-73
-48
25
10
55
48
0
6
-84
-95
-14
-34
-75
-88
8
-17
2
-57
80
49
-59
-87
87
-29
-88
-50
31
87
-81
-62
43
-59
-26
-63
-11
-25
91
-27
-41
-47
-80
-52
37
35
-55
-4
-71
48
20
52
-48
-81
-58
-30
-93
44
-47
-10
16
19
17
-93
-21
-77
-28
-13
-21
47
-60
-14
28
1
43
13
-75
-49
-28
70
29
14
68
-56
53
-21
-97
3
8
60
75
-53
36
-30
-10
64
19
-74
-47
74
26
38
24
90
-26
-38
77
0
-9
82
61
91
93
-94
-81
100
72
-1
60
-94
2
25
-83
41
73
43
10
-18
32
-88
-7
-46
-39
-40
-81
-16
39
98
67
-66
-94
14
6
-16
35
41
-86
-88
37
-75
27
-83
-30
-3
25
80
-20
-29
-15
64
68
-80
-40
79
43
30
10
75
-9
-11
-5
4
38
-75
0
5
-81
-66
27
-7
76
96
-51
73
28
-2
-91
-24
93
-65
-19
-61
29
-17
9
-80
-60
-48
52
-47
34
38
-95
-52
-90
19
76
-51
-33
95
33
-15
4
38
62
-12
-33
-82
61
-38
-62
78
73
27
-23
55
-41
57
62
5
79
-60
-14
11
36
-25
42
97
32
-85
-51
2
-3
-53
-52
42
-22
63
83
25
-21
-79
-76
62
23
37
-77
24
9
-5
79
-95
68
89
59
49
-97
-54
0
13
100
-84
78
67
3
23
11
20
-24
-93
-81
19
-59
2
-80
-73
-84
53
-9
-20
-61
81
56
38
39
-86
-100
57
30
50
-52
-74
34
-55
-23
44
-60
31
60
17
24
-45
-4
80
58
-21
40
61
-81
-7
-42
61
-44
21
-97
-97
-80
73
-86
1
100
-18
-52
12
47
29
4
-4
-92
-41
-40
-75
20
-51
-79
78
-60
-6
-39
-94
-37
-1
-41
-16
93
-86
-43
11
11
34
82
4
-30
-69
-93
22
44
75
68
80
100
82
-8
82
79
87
-58
32
22
-84
12
-82
-73
-29
87
-34
24
-93
76
70
-67
11
7
62
53
-63
-57
75
89
-54
-12
-72
53
-84
-77
-44
-27
-93
-53
74
-57
77
-15
-49
21
-50
41
-60
73
37
78
88
83
-8
-74
-21
-75
-18
-37
74
25
74
-32
-62
-8
-33
-7
36
25
74
50
-88
-41
44
-87
-62
92
59
-7
57
92
-50
9
-32
6
99
25
-44
68
-26
15
93
-48
13
-6
-90
18
87
-61
72
25
-77
36
-1
66
44
6
-25
31
15
63
90
-57
4
32
61
53
79
-56
40
99
13
-16
10
-15
-100
17
-76
62
84
-15
43
53
28
-27
20
39
-19
17
-39
-13
67
79
-43
43
64
-87
32
30
39
-44
58
-68
96
-83
60
4
-18
39
-17
69
-100
-11
-17
19
15
-30
49
-61
6
-98
65
27
87
-2
75
57
-54
-80
-42
38
-67
21
63
-65
52
92
-4
21
-39
-50
-39
-50
-10
12
62
-59
54
-38
52
64
-72
97
-9
97
-99
-87
-22
-91
-15
-98
-27
1
27
-81
-91
34
-60
51
64
-59
70
27
94
-46
39
-22
53
-82
-23
43
-28
-48
-28
7
17
25
95
80
-62
95
-31
42
-4
51
20
57
51
86
-69
-84
-21
-5
-6
-79
5
-74
2
7
-65
-79
-70
-12
-18
-79
70
21
-31
13
26
11
34
-63
29
71
-45
63
3
21
-56
33
61
74
96
29
68
-80
39
71
37
-42
8
55
44
19
25
-56
-34
35
2
-32
48
-93
-93
80
-62
-22
64
-77
28
-40
-51
-66
-89
26
-85
53
-40
-63
-97
-87
-38
-5
65
58
-58
45
86
27
-37
12
-69
23
81
22
-11
-7
81
55
60
-54
-6
-53
-24
-64
91
-93
65
25
60
-10
77
37
-40
98
-8
16
36
83
-35
-22
-16
-45
65
-93
1
47
65
25
-38
89
26
56
-20
-82
-33
97
38
6
35
34
-51
-7
-63
-36
-74
-30
97
77
40
-45
49
19
-33
80
-88
6
19
-71
-22
59
-13
-48
96
53
-40
-33
42
-44
83
-67
88
-16
55
-17
99
-46
-32
70
-93
16
-36
-97
-41
-38
73
-55
89
-38
87
87
44
3
-25
80
43
-51
-72
-67
-84
75
10
58
57
-90
-77
-51
96
-18
-28
-23
34
84
-25
70
-34
95
36
-98
19
22
-39
62
9
-63
-39
-71
-1
66
-22
69
21
-1
-91
93
-91
36
45
-15
2
25
20
-50
-27
56
37
78
-55
-52
67
16
-100
-97
16
-71
69
-9
55
-21
31
35
-51
-69
-30
-52
74
-68
61
-94
44
-83
-16
85
90
27
46
81
60
-62
13
-54
-65
71
39
90
-15
9
-83
-35
8
10
-23
-61
-16
-42
17
-65
8
-27
-55
-88
-30
45
58
40
78
32
59
-19
-8
-55
-2
-77
-54
-96
100
-67
72
-94
-72
-73
-97
-11
33
-88
20
29
59
-80
-35
-73
-52
42
-3
-74
20
-93
89
8
-6
41
-23
-67
-79
-83
-13
55
-5
90
23
-12
-99
14
-2
15
-50
56
-58
-3
68
34
46
-70
-40
68
82
41
-25
-41
88
-22
92
-35
-25
-51
-67
66
12
68
-49
-15
9
-87
51
-57
72
-46
-31
15
73
-53
-61
94
59
-79
-77
64
89
53
-69
9
46
-84
5
-53
42
-21
-61
25
-49
37
1
94
90
-61
48
-54
43
72
22
54
93
-43
-38
27
58
40
71
-90
55
-43
28
59
30
-61
-60
39
-95
38
15
-90
-19
-84
-1
54
-36
-19
94
37
42
4
4
21
-88
-50
89
33
-47
-8
29
63
43
41
9
-39
-86
-14
83
66
-28
-36
52
-79
96
-96
5
36
-19
70
84
98
-80
23
-87
-97
-66
70
32
43
-1
-66
-100
-83
-13
13
-41
-97
69
3
56
-42
-62
59
41
-18
70
-1
2
-79
-29
79
4
-28
17
24
58
-92
40
-9
33
-55
63
-77
-11
-15
98
-29
95
50
-12
-7
-62
35
-54
-71
-87
32
-69
39
-17
-38
-98
-47
40
50
-64
91
40
-16
81
59
53
-1
73
-67
82
-1
-84
-48
62
41
61
-36
-44
-69
-25
1
63
37
-10
26
82
-100
83
64
26
86
-86
4
10
-54
17
24
-23
59
89
-17
1
88
-69
2
80
-82
89
79
-16
-86
2
-24
-57
94
-94
-38
77
-32
-40
44
78
1
-75
26
39
76
36
-91
31
98
11
-14
6
-15
45
-39
-89
23
7
-27
-6
-84
-64
48
85
45
-83
72
-32
-71
-75
-27
-44
15
-99
97
55
47
71
-91
-53
-57
82
-78
18
-86
-42
-38
24
-93
55
21
-70
69
-56
68
-93
-39
78
73
65
-14
39
95
64
-63
70
56
70
100
95
23
53
56
-3
-84
100
-94
67
86
-15
2
-82
71
-44
-93
69
21
80
73
60
-1
-100
36
88
-59
-27
-68
-17
11
-94
17
-10
69
-32
-73
96
-61
-66
-86
-89
-22
-98
47
2
23
36
-59
81
42
1
41
-65
90
67
10
-74
59
-2
-51
8
-90
43
-43
-32
2
-72
97
-12
-45
95
-79
26
-56
-16
-81
-99
-11
-36
15
83
-24
71
23
-55
-72
-65
-69
-79
31
63
9
98
21
-79
13
71
-21
76
-90
28
-61
-79
-51
53
-34
2
-57
-94
24
-82
-96
-25
60
13
-48
94
87
-5
97
-81
24
45
2
20
55
32
66
-3
-38
26
-92
-10
-74
-76
-35
-21
-7
-98
-87
16
-7
46
61
-59
9
88
-53
42
68
-81
1
94
32
13
-84
34
7
-90
-90
3
32
-98
93
-87
64
-97
27
-16
-69
-50
95
-51
3
6
11
-29
-3
-91
-29
37
75
-55
-56
-15
-30
12
-94
-10
-28
95
-51
36
-96
-38
21
29
-45
80
98
-44
-46
-17
59
-55
90
-63
87
-84
-47
42
19
100
-29
-5
-13
-54
96
-28
-19
-6
-35
-37
-49
61
-92
-58
-55
66
67
44
-58
74
37
85
-74
-61
-49
6
-43
24
-76
-12
26
-57
12
92
22
-23
-51
21
-63
-82
-45
89
-70
-62
-21
76
38
42
-53
5
-52
-20
48
24
100
37
74
-89
51
94
77
89
-77
-22
-59
-84
-66
-8
100
65
23
35
30
50
61
-92
96
42
-75
-28
96
-26
-1
-90
-61
25
19
-5
-29
-73
-56
58
9
34
91
30
-36
-25
-13
-29
-82
72
47
-78
29
-27
-54
-83
-27
32
14
32
93
-1
65
11
-78
-24
-70
3
-39
-37
15
82
93
91
-77
27
33
-94
93
-64
87
-23
6
79
90
30
-25
-38
-90
-39
-34
-33
-62
43
39
16
29
11
-76
-70
-64
34
43
-57
-42
-35
0
69
-48
19
53
49
-6
68
44
-80
24
-45
-8
29
-11
64
-17
91
-3
89
-41
-9
26
74
-95
-90
64
-64
-95
-3
-30
87
4
-33
-56
-21
46
42
100
36
56
29
-6
86
-64
-52
-5
15
-41
-85
-95
-29
49
31
54
99
-80
34
51
-25
38
-68
-49
-19
-92
-40
12
98
27
98
-70
-26
61
-81
87
-82
13
26
-69
64
24
67
66
81
79
-66
-18
-72
53
-84
-19
4
-82
-15
100
-88
98
18
29
-96
4
-44
-100
-67
-87
10
7
-62
-27
-85
12
59
-47
-63
-32
-44
-81
-82
-90
-19
-42
-56
32
38
64
61
43
61
-1
-8
-51
78
41
23
97
74
16
-40
-64
-87
92
-44
88
47
36
-49
71
9
85
53
90
1
-42
0
-96
36
8
20
-39
21
58
-39
-68
-12
-80
96
72
78
14
86
-79
-18
-12
-8
44
51
-67
-40
-27
75
50
-17
30
92
79
21
96
-28
1
-44
13
-13
-38
-55
-23
-81
87
33
-87
85
-78
40
28
64
-97
10
46
94
-56
37
76
98
19
74
-9
-3
-71
61
36
-9
-38
-67
14
-39
-95
-55
98
25
-40
-42
61
84
-55
20
65
-76
-12
22
-23
72
3
-52
78
-98
-80
17
87
-46
65
-84
-18
-91
-86
9
14
-44
62
-17
-59
-3
89
-77
54
-47
86
-53
13
-81
93
76
-56
56
72
-6
-64
-38
93
-42
-2
-14
88
-41
-24
37
-27
-54
63
16
-11
90
3
41
-74
30
9
-94
45
31
92
-28
83
-3
59
-39
9
56
17
-89
-78
-18
6
-69
-26
24
-89
58
40
9
61
21
-60
-53
-39
-81
-97
2
-32
-23
-67
-91
-20
-63
7
-12
73
91
4
25
31
68
77
-12
-71
57
-24
-70
-73
96
-95
30
-14
-96
-71
-87
5
-68
-90
38
-56
-17
65
-74
-13
-98
35
0
75
82
-89
-30
74
7
42
-22
-8
22
48
-66
28
-46
85
49
84
-51
68
29
-52
97
-100
-82
83
-99
-18
-23
-5
90
80
56
-75
-69
94
-44
74
-8
24
-94
98
-80
-87
68
74
-10
72
20
96
-23
-20
-34
-72
-13
-86
80
-94
-73
49
-30
23
-25
-40
39
-81
66
7
-92
54
-56
-5
-12
51
-84
-76
37
-80
58
74
-28
-57
90
78
38
71
42
-57
53
-97
-96
32
-38
22
44
-94
82
-66
86
-61
10
1
-26
14
0
92
-68
-76
-41
-45
57
-10
-74
-57
11
36
15
-6
-42
-43
-53
98
-7
-59
98
-16
-92
17
87
21
77
27
38
45
-34
-86
50
64
81
8
59
-53
54
-81
-90
52
22
-56
13
56
-3
-51
-54
76
34
19
-72
-30
54
-41
13
-54
-22
-64
26
-79
55
53
48
-94
-93
68
25
7
-36
45
-47
-28
40
7
-29
86
-66
44
20
68
95
-16
-23
40
-77
-69
-1
-11
-93
29
0
87
-73
-65
45
91
-25
62
44
19
-5
31
18
-52
41
-20
-1
77
82
17
-72
18
-56
12
41
-56
-32
23
23
75
-14
-17
-56
22
-34
-98
6
54
-89
22
44
16
-98
-90
-92
41
83
-40
49
23
81
19
-13
48
82
82
100
15
-87
-87
46
31
7
-35
-87
17
-34
-88
-1
-59
-22
-93
14
49
99
7
58
-8
80
20
7
13
-10
66
-56
-46
5
-75
-21
43
-23
77
30
-87
63
11
-37
-62
77
-77
-33
63
-23
47
9
72
-33
25
15
2
38
-51
-31
-75
-94
81
-41
100
-84
56
-80
12
-66
41
-55
100
61
-89
-96
-48
43
54
86
-79
5
11
61
-100
11
63
-6
94
-69
19
-86
-31
81
-21
23
82
62
-19
-21
46
84
17
-39
-66
81
-32
-91
60
-95
97
-54
-13
1
16
100
-98
71
61
-97
-41
-38
-45
72
38
96
-46
-89
82
-23
99
10
33
-17
38
73
-1
2
-46
-64
40
-40
42
-91
2
-23
22
5
63
-79
1
-44
-24
48
-90
-6
47
-75
-46
-78
-3
-61
20
59
-12
-50
77
-82
16
-38
-71
45
-47
-9
59
55
-14
-45
11
-6
11
-58
-64
-38
37
53
42
-86
18
2
-44
32
83
-94
21
-50
-84
-86
65
99
45
-10
-44
-41
-31
59
-25
-9
-28
-28
33
64
-47
-95
53
60
7
-52
9
29
-100
86
-28
34
83
-98
-73
17
-38
83
-44
-76
61
29
-54
-32
92
-35
-88
86
2
41
-88
69
-26
94
-10
-79
-6
35
-97
-22
70
-43
-27
-97
4
-11
-71
-70
-81
-46
100
26
92
80
-15
31
89
-45
85
-49
55
-54
-41
-83
-39
57
91
-14
59
-23
36
-96
-13
-30
71
35
86
6
71
43
-50
54
-42
91
79
-56
69
18
-29
80
73
-28
-23
18
-40
66
42
62
41
-28
-2
-4
-91
98
41
-3
-37
-96
-100
-100
77
39
-74
-98
27
15
-64
36
-84
-16
-97
-73
49
85
36
-49
70
-4
80
-16
31
-76
83
77
85
-90
-97
76
-78
-93
97
80
91
-26
-3
77
-30
-21
2
65
-95
32
-90
75
20
34
53
-39
-6
-99
27
-25
-21
46
65
15
60
12
-65
46
15
-78
-43
-35
63
77
-15
-76
55
77
-34
-53
25
94
-58
51
20
-10
4
97
12
-4
34
15
89
88
-19
72
28
48
46
87
-4
-13
37
-82
2
95
-22
-67
65
-49
-39
-46
-2
-8
-27
-16
25
-85
-56
-20
79
80
1
-17
61
6
82
82
94
58
-26
89
-69
-88
-86
-78
-94
48
15
-56
31
10
-45
53
47
49
42
79
-44
8
87
88
21
44
9
48
99
-62
77
-10
47
30
42
27
48
-38
-16
78
7
57
-37
29
-54
23
-43
-70
92
87
-100
-82
12
9
-73
10
-64
50
5
-26
-14
45
-53
36
28
81
-16
-58
-24
-34
34
74
-6
-60
-12
79
-56
-16
-12
-52
-84
-6
-29
65
65
-77
100
4
47
-91
97
-70
-16
49
-24
91
97
25
51
-44
-94
-32
28
-5
-57
-63
-62
-13
8
44
-38
-33
71
-54
94
-80
-8
95
10
-68
-8
-47
11
58
76
70
78
89
-83
-32
40
48
69
72
-98
-64
-97
-54
-86
82
-4
-73
-60
24
-52
15
24
61
-46
61
-78
-63
7
-96
-30
71
-39
21
-42
26
43
-5
81
-45
-43
14
89
87
-64
60
64
-26
59
4
20
-64
48
96
35
-98
-30
-18
2
-81
-32
95
-3
-3
-64
36
19
74
-87
74
-20
57
-18
-23
71
64
72
-83
93
34
-33
-77
-84
72
25
-85
-94
-30
-79
-94
59
-43
-19
-88
-91
90
-85
-79
-21
-40
-73
-82
76
92
85
-72
-8
-48
25
13
20
-74
-53
27
-80
-47
89
100
87
65
85
44
-100
90
95
7
47
53
-93
93
56
0
51
-39
-99
-82
-70
78
30
-92
63
-97
-6
-96
72
-38
-55
90
49
-62
-87
69
99
-24
100
-11
19
29
66
-6
-30
92
8
60
38
50
-34
-11
25
74
-96
5
-68
-87
35
-11
66
-32
60
-12
55
-74
-77
-10
-36
94
-50
-68
43
31
-91
35
84
96
-74
-55
22
94
74
70
69
32
50
82
-71
82
-38
-96
15
77
-45
-81
-34
81
51
63
-35
60
-15
-62
-75
88
-6
55
-99
28
27
-42
-98
48
68
32
-22
50
-28
71
-8
42
89
-1
-67
-44
-74
93
73
-62
93
73
-86
76
19
77
56
25
35
-46
-30
34
-80
-94
80
79
17
93
50
23
50
3
-17
-70
-1
-63
-43
18
-93
-83
-12
65
-59
-20
39
46
-72
-39
73
-6
-34
19
-85
-34
81
-15
-58
-47
15
31
71
-32
-18
13
41
-32
-79
55
-51
-98
-31
6
-96
5
12
63
-43
26
-71
43
-3
27
67
-47
59
21
-32
54
53
91
-15
-75
15
-21
-50
14
-21
-99
91
-100
-17
33
20
6
-6
64
-77
-51
15
93
-57
63
59
-9
35
-37
-62
57
-29
48
-99
7
23
14
40
48
-47
-26
43
88
2
-20
57
-3
-46
-64
-71
4
-10
-50
-29
2
-85
-92
12
79
-57
-25
31
-41
-81
58
-23
-44
-40
71
68
-82
-13
-54
-64
-17
83
52
-20
-77
-88
3
65
32
-71
19
78
60
6
15
-71
-23
-35
-44
-25
57
-67
-46
42
-88
-19
60
36
-72
42
-8
-13
-71
-40
74
21
-78
-83
-10
78
-79
79
22
79
55
91
81
74
58
33
29
12
-51
-17
14
61
-79
-95
-62
-39
-33
-33
-61
70
-81
-75
-57
-72
-69
44
-65
90
-95
2
36
-93
24
-17
-83
-85
11
-31
45
1
-66
29
40
19
10
69
-26
87
49
70
80
35
-59
-16
-73
-62
-75
87
-60
-54
15
82
-18
14
-87
-84
-100
13
-76
-76
0
18
66
3
-3
-43
-56
-63
66
-56
-82
-75
48
-19
-7
-51
21
-64
-17
-85
-35
-66
-82
-72
-63
-13
-63
-34
-1
21
-47
-5
-51
-99
37
7
85
63
97
-26
54
65
-42
-70
-37
82
-4
51
56
-17
98
17
3
83
-13
-18
42
-59
-46
-37
52
-42
1
-69
-82
-95
25
95
91
78
-34
11
15
-49
75
87
30
-98
-100
84
1
-44
-64
-96
90
51
-66
-51
59
-63
98
-19
-13
-97
-74
-51
62
58
-79
74
65
71
-9
-50
-90
-81
-71
-76
-59
79
-15
-68
74
67
17
30
50
28
-68
56
-28
45
97
-52
-5
-94
-68
-18
-70
93
29
28
12
-75
-24
79
10
35
-2
46
-70
42
-16
3
15
57
40
14
-2
43
-14
-84
-24
56
-100
-81
99
72
28
-25
-32
15
18
24
90
-32
-28
93
-14
-39
29
-66
-76
42
-10
-28
18
44
-61
78
-39
-93
8
-17
-98
-43
-83
-89
-59
0
92
-38
87
-83
21
25
-85
-65
29
-30
-78
83
61
-4
26
-15
-24
65
-84
14
-7
-36
76
-18
8
81
64
89
-18
-25
-7
-34
9
-73
-16
-30
39
25
68
81
-64
-8
-70
63
35
18
67
83
-8
-99
-6
48
-32
-16
-42
-81
35
82
79
-100
84
-89
42
54
42
42
-12
-59
-67
17
-89
-71
-80
-65
90
65
-62
-25
-75
-43
-10
-47
-73
-23
-90
33
-14
82
-10
-4
84
10
-57
69
43
-77
-87
-75
-55
95
-59
78
43
-16
-69
-52
65
26
-26
37
19
0
45
52
45
62
-34
-98
-38
37
53
82
31
60
72
88
44
-26
-53
-69
-8
-9
6
10
-36
-63
97
-11
60
-70
38
-92
-36
-49
-99
71
9
38
-39
-50
-87
11
-86
-16
-54
83
-1
23
86
84
38
-68
-93
45
79
94
-36
11
94
-67
3
-29
-36
31
29
-33
-27
81
-25
-50
-100
42
52
87
-96
27
61
96
-34
-7
-12
-50
-37
-32
46
36
-20
-13
9
74
64
-16
58
77
-98
-33
-88
21
34
16
17
91
-70
79
40
-66
76
63
19
-31
-53
4
18
30
-85
76
-66
15
91
-19
-77
59
-52
68
79
-80
20
-67
-54
17
-21
-53
-58
72
36
-35
100
80
23
59
-91
88
-79
-52
-96
-69
-83
-89
1
-23
-6
-8
-74
-44
36
-33
100
-79
70
28
23
-49
-22
25
-37
6
-21
98
-15
-56
86
-73
-46
1
0
15
100
11
-73
40
0
21
-72
-15
-29
-46
-100
71
5
-66
22
-14
-38
-95
3
52
50
-75
-43
94
-18
-57
-58
-93
-54
56
4
53
80
-44
64
-87
-14
-100
-67
-48
-67
2
3
63
100
-97
-59
88
79
13
7
95
-93
93
-10
-58
-27
-9
12
-8
47
-3
-96
93
95
-2
-41
-73
92
-12
-91
-36
-82
85
68
88
28
63
99
71
-67
80
74
-70
-63
-72
-33
-7
9
-99
-34
7
9
67
41
-17
-69
81
41
13
76
-33
34
-63
-46
66
-43
-1
82
33
-68
60
1
74
11
-67
-20
5
-30
26
-54
78
63
75
72
-100
69
30
21
91
-98
-59
39
37
80
-88
-31
40
64
-91
-67
81
-65
1
-8
-57
-33
13
-16
-54
37
20
-80
-25
-66
85
23
24
-71
23
-78
-26
42
16
-37
-9
66
81
-89
-66
-22
56
44
39
-2
91
-1
-18
53
17
-33
-65
-48
-16
33
-100
-58
-11
-8
21
-38
6
53
54
-80
42
67
-73
-46
53
68
52
71
-44
38
40
-84
92
74
45
83
49
76
-66
-40
26
-97
78
-66
-44
100
-36
53
29
-73
-20
-47
66
48
-69
-15
82
15
-19
8
36
32
66
-66
56
43
60
24
-43
73
-50
86
42
41
7
-27
89
-23
-64
33
-71
-56
-94
-95
26
-27
17
30
51
53
3
63
60
-59
-51
57
16
25
-5
-33
-63
-8
-45
-82
-11
18
-28
100
1
60
88
-38
-26
-77
36
60
31
-45
-36
-24
78
78
43
-61
-83
50
46
95
-7
-95
4
-44
-22
-78
65
74
1
7
-5
87
-74
-28
-82
-72
-64
-26
-68
98
-60
-56
29
72
-71
-24
-68
63
-3
-51
-65
44
12
51
35
-89
62
32
33
30
40
33
20
51
-21
17
-94
-17
-89
-32
-69
4
-48
-88
-13
77
83
-55
-41
-16
93
13
10
-18
52
-92
-27
27
-29
95
-56
-58
-51
35
-25
-55
15
-53
-6
9
-54
36
-88
-78
-67
-6
-22
-40
54
-37
5
27
47
97
-78
75
15
-11
-53
100
-55
-54
1
67
56
-17
2
-8
49
23
74
88
-76
22
26
-86
-31
-42
-100
-53
42
41
89
59
-71
82
29
18
-25
86
76
67
-93
99
54
-43
98
-14
-11
66
10
-5
50
10
61
-63
17
9
48
24
-32
-43
-10
-41
87
-96
75
-86
-82
81
39
-23
66
-18
13
-91
-98
-80
18
-42
6
-50
-86
-94
-25
-63
22
47
0
55
-79
-38
65
-26
3
-60
-35
-91
80
81
-78
97
-45
-48
-6
-79
2
41
31
-48
53
-81
-43
41
68
15
-97
-92
80
82
51
-83
48
-42
9
88
-47
100
-16
-49
-61
-56
35
74
20
-84
63
-33
-21
-57
41
-58
78
92
-22
56
27
-68
-67
44
-3
47
-99
-9
-75
-99
72
45
78
-45
89
16
97
-100
-94
43
45
-37
-97
-62
39
-17
-3
49
81
-98
55
38
15
60
19
-72
17
-78
90
33
-94
24
-91
84
-86
51
-50
13
-96
21
40
69
24
-53
75
83
-29
77
65
67
21
31
41
-83
13
-96
48
-59
-6
10
25
97
-71
-58
42
-32
-64
-42
-88
-57
-46
25
90
15
-91
6
-62
90
28
-30
-63
-20
12
61
-39
39
-100
-17
34
-20
78
-28
95
-88
-42
-79
-59
-67
80
58
-36
-93
-95
80
99
71
34
26
-22
-39
79
1
1
-64
31
-59
-79
-29
67
-98
-22
79
-90
-15
50
-53
81
-38
11
-91
-51
-57
-38
-54
88
81
-51
80
65
-17
-53
77
-92
-51
-40
26
96
-25
85
-66
-57
-68
39
75
-35
-57
-89
-99
82
63
56
-90
-84
-100
12
17
-24
93
46
-99
-75
100
11
-98
-56
42
55
-42
-92
75
28
-44
75
66
-56
40
66
-58
96
-62
49
52
-18
13
-45
76
37
44
47
-53
57
50
-48
-79
15
4
20
84
-79
-48
34
-82
7
-63
76
18
88
-79
58
-78
92
64
-4
-73
-68
-46
38
-34
-66
-92
-92
-79
-88
-59
-26
96
92
-2
97
-20
97
45
-93
-50
-64
-80
66
12
-53
-81
-64
-86
-74
8
-92
12
77
6
66
81
95
-13
-9
97
33
59
21
44
75
81
-70
26
-11
33
53
-20
55
93
99
-26
-71
-10
-19
-86
-53
-56
-53
-13
-7
-97
-38
-26
100
-69
-13
15
-100
-69
-57
-76
-12
-34
32
-86
36
65
30
48
-62
-90
67
67
-65
-6
-98
51
54
100
20
97
-2
6
28
-2
-44
20
76
-87
-63
99
-60
5
44
-63
-98
-4
50
-40
-72
34
77
-35
-22
90
38
28
71
35
7
47
-28
-54
58
90
38
-27
42
23
50
-26
62
61
90
-79
-17
70
-33
-86
-26
-61
32
-82
-11
98
93
-25
96
8
44
-58
31
40
-49
-44
-61
69
-74
26
25
-5
3
5
6
8
-67
97
78
20
-18
-34
-55
-39
93
17
5
36
46
47
19
-41
-32
56
-83
-93
42
-45
43
51
-54
-54
48
-50
67
-73
71
34
7
-33
-31
-67
12
61
28
89
-12
-59
23
-100
-63
-58
69
78
4
-37
-90
-85
-33
